3.377762623131275177e-04
-4.199960708618164062e+00
-8.152755908668041229e-03
-4.914274692535400391e+00
-8.119787089526653290e-03
-3.738137427717447281e-03
1.728674396872520447e-02
1.789326190948486328e+00
7.334719657897949219e+00
0.000000000000000000e+00
-8.578719139099121094e+00
3.074311614036560059e-01
0.000000000000000000e+00
-2.807015925645828247e-02
-2.668277593329548836e-03
-2.501374855637550354e-02
-8.385032415390014648e-03
4.128945350646972656e+00
4.127241134643554688e+00
-3.862756537273526192e-03
-3.744305344298481941e-03
0.000000000000000000e+00
-9.343086741864681244e-03
-8.515490531921386719e+00
-8.010112762451171875e+00
1.858791947364807129e+00
-1.971075870096683502e-02
0.000000000000000000e+00
-7.813178747892379761e-02
-5.576959811151027679e-03
2.175082397460937500e+01
-1.519951131194829941e-02
