1.691847610473632812e+01
-8.465722084045410156e+00
-3.288324177265167236e-02
9.140223503112792969e+00
8.870265007019042969e+00
4.313014507293701172e+00
-4.345212876796722412e-01
-3.007438220083713531e-02
-2.964861132204532623e-02
-2.410158348083496094e+01
-1.442092537879943848e+00
-1.282012271881103516e+01
1.449671268463134766e+00
-3.241259336471557617e+00
2.131405067443847656e+01
-4.238409921526908875e-02
4.198997020721435547e+00
-1.719199180603027344e+01
-3.941360414028167725e-01
2.841574430465698242e+00
-2.094229698181152344e+01
-1.433156803250312805e-02
-6.389467418193817139e-02
-7.594688415527343750e+00
-6.804700940847396851e-02
-8.379844665527343750e+00
-7.222672939300537109e+00
-9.774316787719726562e+00
-6.529715657234191895e-02
1.024109458923339844e+01
-1.323965564370155334e-02
-1.035586452484130859e+01
