-4.346819594502449036e-02
-8.078857421875000000e+00
7.995472103357315063e-02
-5.851096510887145996e-01
-2.433246225118637085e-01
-6.257957965135574341e-02
-1.815329790115356445e+00
-5.436180591583251953e+00
-1.201743030548095703e+01
-8.843105316162109375e+00
-1.531982183456420898e+00
-5.270727157592773438e+00
-5.719260573387145996e-01
-9.141501426696777344e+00
4.761167049407958984e+00
-2.724058389663696289e+00
-5.890636444091796875e+00
-9.053849220275878906e+00
-7.472493499517440796e-02
-1.352923035621643066e+00
-5.772480741143226624e-02
-4.673589393496513367e-02
-1.596638560295104980e+00
7.450155258178710938e+00
-2.249617576599121094e+01
-1.441171169281005859e+00
2.309387207031250000e+00
-2.748571336269378662e-01
-1.049875393509864807e-01
-1.363885104656219482e-01
-1.044443511962890625e+01
-1.889005661010742188e+01
