-1.337598660029470921e-03
5.538661498576402664e-03
6.855569314211606979e-03
1.348590012639760971e-03
3.700188826769590378e-04
-1.235717558301985264e-03
-1.163394469767808914e-02
4.854445345699787140e-03
7.241748739033937454e-03
-3.958849702030420303e-03
1.093470770865678787e-02
-4.633236676454544067e-04
-7.929071784019470215e-03
-7.766284979879856110e-03
-1.410126872360706329e-02
3.670869395136833191e-03
6.758098024874925613e-04
1.107735186815261841e-02
7.249093614518642426e-04
6.740882527083158493e-04
3.297615330666303635e-04
-2.669645473361015320e-04
1.308414898812770844e-02
-1.634519733488559723e-02
-4.898463375866413116e-03
-2.794262021780014038e-03
-1.741950400173664093e-04
1.044426113367080688e-02
-1.427448121830821037e-03
2.400918677449226379e-02
1.078028883785009384e-02
-7.558066397905349731e-03
