-2.327323332428932190e-02 3.301478028297424316e-01 -5.003735423088073730e-02 6.168375164270401001e-02 -1.222644075751304626e-01 5.889094900339841843e-03 4.451395571231842041e-02 -6.107720732688903809e-02 9.516836144030094147e-03 4.361097812652587891e-01 -1.413649879395961761e-04 -8.368799090385437012e-01 -2.023149579763412476e-01 -2.095947414636611938e-01 -2.951888561248779297e+00 5.441859364509582520e-01
2.459886297583580017e-02 -7.405541837215423584e-03 -1.714792102575302124e-02 -3.905425220727920532e-02 5.837012082338333130e-03 2.437699958682060242e-02 -1.365842297673225403e-02 -4.433858394622802734e-02 4.450247809290885925e-02 -4.815724492073059082e-02 4.380714148283004761e-03 -7.327426224946975708e-03 -1.307396567426621914e-03 -4.642014950513839722e-02 1.387786306440830231e-02 -3.215511888265609741e-02
-2.230460755527019501e-02 -3.213243559002876282e-02 -1.230270788073539734e-02 -8.747582137584686279e-02 -2.826118282973766327e-02 -2.084873989224433899e-02 2.980609051883220673e-02 -4.547144100069999695e-02 -4.174852743744850159e-02 -1.947328820824623108e-02 3.312777727842330933e-03 -2.297310903668403625e-02 8.393189636990427971e-04 -5.833875387907028198e-03 1.971883699297904968e-02 1.734216138720512390e-02
-7.278630137443542480e-02 2.141175746917724609e+00 -3.820683062076568604e-02 9.617274999618530273e-02 -4.405281245708465576e-01 -3.730948269367218018e-02 -2.446351200342178345e-01 -1.020415592938661575e-02 -7.785112410783767700e-02 -1.837689876556396484e+00 -6.649953871965408325e-02 -3.618920147418975830e-01 2.988970577716827393e-01 -4.798314273357391357e-01 -4.053508758544921875e+00 -4.334406375885009766e+00
-5.872420221567153931e-02 -1.778480857610702515e-01 -3.539810329675674438e-02 1.063881963491439819e-01 -2.246348261833190918e-01 -4.221658408641815186e-02 -1.463647931814193726e-02 5.634163971990346909e-03 1.156064867973327637e-02 -1.804679036140441895e+00 -4.274072498083114624e-02 -1.573391705751419067e-01 7.269156575202941895e-01 1.476542234420776367e+00 -5.332416296005249023e-01 -2.860332727432250977e-01
6.280500907450914383e-03 -2.873272597789764404e-01 -6.899817287921905518e-02 5.896632745862007141e-02 -1.172666903585195541e-02 -4.223595559597015381e-02 -4.625904560089111328e-02 -4.109606146812438965e-02 6.429474800825119019e-03 8.195515871047973633e-01 -1.168711669743061066e-02 -2.640097856521606445e+00 2.999457418918609619e-01 1.503118127584457397e-01 -1.511519670486450195e+00 4.307333230972290039e-01
-2.357361465692520142e-02 1.748979091644287109e-02 3.416339168325066566e-03 3.315684199333190918e-02 -4.823272526264190674e-01 2.212757011875510216e-03 -1.466407440602779388e-02 -3.138888999819755554e-02 -4.860693961381912231e-02 -2.246212720870971680e+00 -1.619926653802394867e-02 -6.578879356384277344e-01 -2.962704300880432129e-01 1.003599073737859726e-02 -4.795783996582031250e+00 7.096804678440093994e-02
-5.190908163785934448e-02 -1.778879761695861816e-01 6.569508463144302368e-03 1.747464574873447418e-02 -6.561580300331115723e-02 9.251773357391357422e-03 -8.319187164306640625e-02 -2.908299444243311882e-03 -1.765856891870498657e-02 -3.922446370124816895e-01 -3.736063465476036072e-02 -2.688420005142688751e-02 -4.935316443443298340e-01 -2.492480129003524780e-01 -5.195659399032592773e-01 4.779710769653320312e-01
1.037214882671833038e-02 -2.509058080613613129e-02 -4.619022458791732788e-02 3.706877678632736206e-02 -1.042486801743507385e-01 -3.086197376251220703e-02 -2.974458038806915283e-02 -1.584647409617900848e-02 2.076313598081469536e-03 5.583041161298751831e-02 4.130232147872447968e-03 1.860712468624114990e-01 -4.238868132233619690e-02 -8.096140623092651367e-02 2.678377032279968262e-01 -3.625403642654418945e-01
-8.571794256567955017e-03 -2.263245135545730591e-01 -2.985846996307373047e-02 4.849403724074363708e-02 4.216824471950531006e-02 -4.068111628293991089e-02 9.495656006038188934e-03 -1.214561425149440765e-02 -6.533351726830005646e-03 -2.082845211029052734e+00 -1.772943884134292603e-03 -3.189479827880859375e+00 3.434384614229202271e-02 1.356279850006103516e-01 -4.451982378959655762e-01 1.365161836147308350e-01
-3.306800499558448792e-03 -7.056384533643722534e-02 -6.286258995532989502e-02 -4.661244392395019531e+00 -9.877714328467845917e-04 -1.463723555207252502e-02 1.934559829533100128e-02 -9.802777320146560669e-03 7.117332518100738525e-02 -1.615369200706481934e+00 -3.134036809206008911e-02 -5.631299689412117004e-03 -6.494157910346984863e-01 -7.039035111665725708e-02 -6.083747863769531250e+00 1.156408667564392090e+00
-7.283748686313629150e-02 7.169168591499328613e-01 -2.830937877297401428e-02 3.076785802841186523e-02 5.587798357009887695e-02 -3.227241337299346924e-03 -4.824862629175186157e-02 -2.831452153623104095e-02 -4.589805006980895996e-02 -1.311469197273254395e+00 -6.757028866559267044e-03 -1.608855426311492920e-01 1.657191962003707886e-01 -3.245083689689636230e-01 -7.406470179557800293e-01 -1.152856230735778809e+00
-5.309547483921051025e-02 1.131710815429687500e+01 1.795431599020957947e-03 -2.199745416641235352e+00 -4.207851886749267578e-01 -2.534685470163822174e-02 1.080724131315946579e-02 -3.681675344705581665e-02 -6.490869820117950439e-02 8.161858655512332916e-03 -6.286632269620895386e-02 6.116904318332672119e-03 1.402407455444335938e+01 7.219703197479248047e+00 -4.807425498962402344e+00 7.211853981018066406e+00
-3.245359659194946289e-02 2.388331443071365356e-01 -4.435013607144355774e-02 4.876631870865821838e-02 -1.741453111171722412e-01 -1.496488787233829498e-02 -8.398342132568359375e-02 -1.023875083774328232e-02 -1.261602342128753662e-02 -2.515292167663574219e+00 -1.927601359784603119e-02 -9.207998514175415039e-01 6.512900590896606445e-01 -1.521425545215606689e-01 -2.955168485641479492e+00 -5.733939409255981445e-01
-3.415999561548233032e-02 -1.839089989662170410e-01 -6.924354285001754761e-02 9.556789696216583252e-02 -4.682837128639221191e-01 -4.888085648417472839e-02 -1.643018573522567749e-01 6.166337989270687103e-04 -3.368251025676727295e-02 -1.474554061889648438e+00 -2.751529216766357422e-02 -3.856159448623657227e+00 6.731658428907394409e-02 1.704136431217193604e-01 8.014433383941650391e-01 1.374427527189254761e-01
-8.461077511310577393e-02 -1.985739171504974365e-02 -1.551826205104589462e-02 -1.243626689910888672e+01 -1.076823398470878601e-01 -2.045145072042942047e-02 -5.040054023265838623e-02 2.060788869857788086e-02 1.412626262754201889e-02 -6.937559228390455246e-04 -5.617335438728332520e-02 -7.099171876907348633e-01 -1.109976291656494141e+01 6.757941562682390213e-03 -6.386045455932617188e+00 7.061201572418212891e+00
